27
11
0 1868 12287 862 1282 4482 4638 10754 11037 5305 8822 11940 3461 6811 2885 9552 6995 6681 7749 8295 2741 10023 10670 11599 12063 4930 249
1868 0 11193 2302 1236 3388 3544 9660 9943 4211 7728 10846 2367 5717 1791 8458 5901 5587 6655 7201 1647 8929 9576 10505 10969 3836 1853
12287 11193 0 12721 11655 9147 8461 3507 3092 7742 4287 2065 9832 6088 9850 3669 6540 7538 6002 5008 10996 3380 3001 1004 472 7923 12272
862 2302 12721 0 1716 4916 5072 11188 11471 5739 9256 12374 3895 7245 3319 9986 7429 7115 8183 8729 3175 10457 11104 12033 12497 5364 847
1282 1236 11655 1716 0 3850 4006 10122 10405 4673 8190 11308 2829 6179 2253 8920 6363 6049 7117 7663 2109 9391 10038 10967 11431 4298 1267
4482 3388 9147 4916 3850 0 1498 7614 7897 2165 5682 8800 2027 3671 2045 6412 3855 3541 4609 5155 3191 6883 7530 8459 8923 1790 4467
4638 3544 8461 5072 4006 1498 0 6928 7211 1479 4996 8114 2183 2985 2201 5726 3169 2855 3923 4469 3347 6197 6844 7773 8237 1104 4623
10754 9660 3507 11188 10122 7614 6928 0 2257 6209 2754 3160 8299 4555 8317 2136 5007 6005 4469 3475 9463 1847 1890 2819 3283 6390 10739
11037 9943 3092 11471 10405 7897 7211 2257 0 6492 3037 2745 8582 4838 8600 2419 5290 6288 4752 3758 9746 2130 1751 2404 2868 6673 11022
5305 4211 7742 5739 4673 2165 1479 6209 6492 0 4277 7395 2850 2266 2868 5007 2450 2136 3204 3750 4014 5478 6125 7054 7518 941 5290
8822 7728 4287 9256 8190 5682 4996 2754 3037 4277 0 3940 6367 2623 6385 1552 3075 4073 2537 1543 7531 2023 2670 3599 4063 4458 8807
11940 10846 2065 12374 11308 8800 8114 3160 2745 7395 3940 0 9485 5741 9503 3322 6193 7191 5655 4661 10649 3033 2654 1377 1841 7576 11925
3461 2367 9832 3895 2829 2027 2183 8299 8582 2850 6367 9485 0 4356 1024 7097 4540 4226 5294 5840 2170 7568 8215 9144 9608 2475 3446
6811 5717 6088 7245 6179 3671 2985 4555 4838 2266 2623 5741 4356 0 4374 3353 1064 2062 1550 2096 5520 3824 4471 5400 5864 2447 6796
2885 1791 9850 3319 2253 2045 2201 8317 8600 2868 6385 9503 1024 4374 0 7115 4558 4244 5312 5858 1594 7586 8233 9162 9626 2493 2870
9552 8458 3669 9986 8920 6412 5726 2136 2419 5007 1552 3322 7097 3353 7115 0 3805 4803 3267 2273 8261 1405 2052 2981 3445 5188 9537
6995 5901 6540 7429 6363 3855 3169 5007 5290 2450 3075 6193 4540 1064 4558 3805 0 2246 2002 2548 5704 4276 4923 5852 6316 2631 6980
6681 5587 7538 7115 6049 3541 2855 6005 6288 2136 4073 7191 4226 2062 4244 4803 2246 0 3000 3546 5390 5274 5921 6850 7314 2317 6666
7749 6655 6002 8183 7117 4609 3923 4469 4752 3204 2537 5655 5294 1550 5312 3267 2002 3000 0 2010 6458 3738 4385 5314 5778 3385 7734
8295 7201 5008 8729 7663 5155 4469 3475 3758 3750 1543 4661 5840 2096 5858 2273 2548 3546 2010 0 7004 2744 3391 4320 4784 3931 8280
2741 1647 10996 3175 2109 3191 3347 9463 9746 4014 7531 10649 2170 5520 1594 8261 5704 5390 6458 7004 0 8732 9379 10308 10772 3639 2726
10023 8929 3380 10457 9391 6883 6197 1847 2130 5478 2023 3033 7568 3824 7586 1405 4276 5274 3738 2744 8732 0 1763 2692 3156 5659 10008
10670 9576 3001 11104 10038 7530 6844 1890 1751 6125 2670 2654 8215 4471 8233 2052 4923 5921 4385 3391 9379 1763 0 2313 2777 6306 10655
11599 10505 1004 12033 10967 8459 7773 2819 2404 7054 3599 1377 9144 5400 9162 2981 5852 6850 5314 4320 10308 2692 2313 0 780 7235 11584
12063 10969 472 12497 11431 8923 8237 3283 2868 7518 4063 1841 9608 5864 9626 3445 6316 7314 5778 4784 10772 3156 2777 780 0 7699 12048
4930 3836 7923 5364 4298 1790 1104 6390 6673 941 4458 7576 2475 2447 2493 5188 2631 2317 3385 3931 3639 5659 6306 7235 7699 0 4915
249 1853 12272 847 1267 4467 4623 10739 11022 5290 8807 11925 3446 6796 2870 9537 6980 6666 7734 8280 2726 10008 10655 11584 12048 4915 0
